   0.27509, -1.71165,  0.00000;
  -1.70919, -0.29414,  0.00000;
  -0.28354, -0.03194,  0.00000;
  -0.57708,  0.20234,  0.00000;
  -0.65563, -1.52910,  0.00000;
   0.05483, -0.00564,  0.00000;
   1.29817, -1.11689,  0.00000;
  -2.40087, -0.87148,  0.00000;
   0.53846, -0.19488,  0.00000;
   0.26557, -0.58348,  0.00000;
   0.15405,  1.11663,  0.00000;
   0.19666,  0.41010,  0.00000;
   0.38872,  0.02877,  0.00000;
   0.44944, -0.25385,  0.00000;
   1.20455, -0.44797,  0.00000;
   0.07716, -0.11257,  0.00000;
   0.47401, -0.80586,  0.00000;
  -0.21949, -0.79353,  0.00000;
   0.94571,  0.88500,  0.00000;
   0.45676, -0.32882,  0.00000;
  -0.08267,  0.91766,  0.00000;
   0.58388, -1.52337,  0.00000;
   1.04039, -0.16753,  0.00000;
  -0.18925,  0.35674,  0.00000;
   0.71510, -1.44877,  0.00000;
  -0.24490, -0.57817,  0.00000;
  -1.82547,  0.39918,  0.00000;
  -1.08765, -0.56497,  0.00000;
   1.24308,  0.69314,  0.00000;
   0.42738, -0.05348,  0.00000;
   0.49685,  0.03789,  0.00000;
   1.02154, -0.14889,  0.00000;
   0.33209,  1.23750,  0.00000;
  -0.58640,  0.20723,  0.00000;
   0.24451, -1.77289,  0.00000;
  -0.81288, -0.22687,  0.00000;
  -0.52103,  0.33777,  0.00000;
  -0.41398, -0.50163,  0.00000;
   0.19598,  0.74123,  0.00000;
   0.24589,  0.66476,  0.00000;
  -1.17006, -0.81386,  0.00000;
   0.32864, -1.23187,  0.00000;
   0.66790,  0.37635,  0.00000;
  -3.34157, -1.06136,  0.00000;
  -0.88891,  0.62490,  0.00000;
  -2.49804, -0.76423,  0.00000;
  -0.39104, -0.77355,  0.00000;
  -1.64271,  0.14122,  0.00000;
  -1.00155,  0.54507,  0.00000;
   0.82449,  1.18625,  0.00000;
  -0.53332, -0.23015,  0.00000;
   0.61262, -1.00186,  0.00000;
  -0.00584, -1.18660,  0.00000;
   1.46904,  0.24603,  0.00000;
   0.79098, -0.06095,  0.00000;
   0.39184, -1.05670,  0.00000;
   0.49462,  0.28772,  0.00000;
  -0.36139,  0.55661,  0.00000;
   0.21109,  0.56879,  0.00000;
  -0.33558, -0.28162,  0.00000;
   0.13222,  0.27002,  0.00000;
   0.44874,  0.89852,  0.00000;
   0.45904,  0.70484,  0.00000;
  -0.78712,  0.41515,  0.00000;
   0.53510, -0.20556,  0.00000;
  -0.35160,  0.55024,  0.00000;
  -0.75504,  0.29345,  0.00000;
   0.15911, -0.09708,  0.00000;
  -0.35807, -0.99207,  0.00000;
   1.64576, -0.32333,  0.00000;
   0.31949, -0.75359,  0.00000;
   1.64544, -0.52034,  0.00000;
  -0.34478,  0.64401,  0.00000;
   1.98747,  1.18066,  0.00000;
   1.00988,  0.43859,  0.00000;
   1.37720,  0.58473,  0.00000;
   0.98283, -0.36500,  0.00000;
   1.07155, -0.19939,  0.00000;
   0.39635, -1.24400,  0.00000;
   0.25185, -0.85138,  0.00000;
  -0.24529, -1.41632,  0.00000;
   2.11463, -1.86523,  0.00000;
   1.48517, -0.77407,  0.00000;
   0.49441,  0.00024,  0.00000;
  -0.87030,  0.23713,  0.00000;
   0.85512, -0.61579,  0.00000;
  -0.41011,  1.09810,  0.00000;
  -0.37744, -0.23852,  0.00000;
  -0.25245,  0.92084,  0.00000;
   1.09151, -0.32573,  0.00000;
  -0.89098, -2.25174,  0.00000;
   0.03212,  1.22772,  0.00000;
   0.02746,  1.42151,  0.00000;
  -1.00023,  0.67861,  0.00000;
  -0.48369,  1.89658,  0.00000;
  -0.20311,  0.59233,  0.00000;
   0.61886,  2.29822,  0.00000;
  -0.24327,  0.57365,  0.00000;
  -2.42230,  0.70121,  0.00000;
  -0.24410, -2.29663,  0.00000;
   0.45721,  0.32369,  0.00000;
   1.33570, -0.82948,  0.00000;
   0.50010,  0.81342,  0.00000;
   0.05974, -0.18549,  0.00000;
   0.79159,  0.55916,  0.00000;
  -0.24500,  0.67400,  0.00000;
   2.69858, -0.45566,  0.00000;
  -0.46672, -1.82695,  0.00000;
  -0.27514, -0.13046,  0.00000;
  -0.43944, -1.13120,  0.00000;
  -0.32724,  0.13332,  0.00000;
  -0.96382,  0.54832,  0.00000;
  -1.37671,  1.80199,  0.00000;
   1.10768, -0.00233,  0.00000;
  -1.36673,  1.30858,  0.00000;
  -0.15998,  1.11294,  0.00000;
  -1.19024,  0.90403,  0.00000;
   0.38529,  0.12710,  0.00000;
  -0.07085,  2.45809,  0.00000;
   0.89019,  0.10888,  0.00000;
  -1.18382,  1.51695,  0.00000;
   0.98425, -0.68746,  0.00000;
   0.97973, -1.85627,  0.00000;
   0.15795, -0.03063,  0.00000;
   0.91842, -1.70297,  0.00000;
   0.03797,  0.89397,  0.00000;
   0.70734, -0.14534,  0.00000;
   1.13178, -0.94350,  0.00000;
   0.51478,  0.80111,  0.00000;
  -1.14946,  0.75315,  0.00000;
   1.02421,  2.15697,  0.00000;
   1.21637, -1.14914,  0.00000;
   0.50338, -0.40832,  0.00000;
   0.77136,  1.17940,  0.00000;
   0.00149, -2.43638,  0.00000;
   0.28957,  0.22345,  0.00000;
   0.07233, -0.46304,  0.00000;
   0.09226,  0.05264,  0.00000;
   1.96087,  0.76294,  0.00000;
  -0.75617,  0.30765,  0.00000;
   0.11865,  0.78399,  0.00000;
  -1.15274, -0.87031,  0.00000;
   0.14809, -0.66482,  0.00000;
  -0.01365, -0.21159,  0.00000;
   0.02375,  0.12275,  0.00000;
  -0.62760, -0.49434,  0.00000;
   1.22850, -1.80572,  0.00000;
   1.13287,  1.12194,  0.00000;
   0.59497, -1.58334,  0.00000;
  -1.00512, -1.11575,  0.00000;
  -1.55040,  0.42432,  0.00000;
  -1.19895, -0.59368,  0.00000;
  -0.88857,  0.62069,  0.00000;
  -0.96291, -1.54468,  0.00000;
  -0.55418, -0.82185,  0.00000;
  -1.58410, -0.38425,  0.00000;
  -1.65519, -0.12770,  0.00000;
   2.45934,  0.19663,  0.00000;
   0.39430,  1.09016,  0.00000;
  -0.87529, -0.39024,  0.00000;
  -0.00610,  1.11291,  0.00000;
  -0.46637, -0.29938,  0.00000;
  -1.24237, -0.19753,  0.00000;
  -0.07244,  0.48110,  0.00000;
  -0.96189, -0.22318,  0.00000;
   0.90374,  0.72039,  0.00000;
   0.12414, -0.89977,  0.00000;
   1.07569,  0.76450,  0.00000;
  -1.20370,  1.08019,  0.00000;
   1.89455, -2.43610,  0.00000;
  -1.29733, -1.04839,  0.00000;
  -1.41109, -1.51370,  0.00000;
   0.15613, -0.53011,  0.00000;
   1.30007,  0.48302,  0.00000;
  -0.74505, -0.51898,  0.00000;
   1.97326, -0.00224,  0.00000;
  -0.40941, -1.23941,  0.00000;
   0.46966,  0.80735,  0.00000;
   1.56640, -0.15829,  0.00000;
   0.26737, -1.14064,  0.00000;
  -1.67827,  0.59469,  0.00000;
  -0.62838,  0.40174,  0.00000;
  -1.08076, -0.43426,  0.00000;
  -0.47153,  0.67416,  0.00000;
  -1.10416, -1.34422,  0.00000;
   1.54497,  1.01071,  0.00000;
   0.30446, -0.85105,  0.00000;
   0.85886,  0.83214,  0.00000;
   0.27515,  0.85461,  0.00000;
   2.44412,  1.36491,  0.00000;
  -0.17655, -0.49448,  0.00000;
   1.01060,  0.70180,  0.00000;
  -0.67866, -0.47622,  0.00000;
   0.18330, -0.38311,  0.00000;
  -0.87741, -2.11533,  0.00000;
   0.18426, -0.76062,  0.00000;
   1.22411,  0.71944,  0.00000;
  -0.00179,  0.91903,  0.00000;
   0.29089,  0.02138,  0.00000;
   0.65922,  0.96853,  0.00000;
  -0.31037,  0.34531,  0.00000;
   0.12544,  0.59869,  0.00000;
  -2.10088,  0.75615,  0.00000;
  -2.00011, -2.10405,  0.00000;
   1.10221, -0.75948,  0.00000;
  -0.01536,  0.07503,  0.00000;
   1.15069, -0.12410,  0.00000;
  -0.86922, -0.64254,  0.00000;
   0.67854, -0.16460,  0.00000;
   0.25398, -0.91972,  0.00000;
  -0.08993,  0.55211,  0.00000;
   1.27636,  1.09672,  0.00000;
  -1.01865, -1.62435,  0.00000;
   0.06125,  0.64023,  0.00000;
   0.95130, -1.55897,  0.00000;
   0.61153, -0.84274,  0.00000;
  -0.88911, -0.93298,  0.00000;
   1.51697, -1.79695,  0.00000;
   1.98137,  0.93890,  0.00000;
   0.07191,  1.65431,  0.00000;
  -0.80365, -0.52808,  0.00000;
  -1.27501, -1.70045,  0.00000;
  -2.12377,  0.66014,  0.00000;
  -0.67480, -1.49343,  0.00000;
   1.23088,  0.40554,  0.00000;
  -1.56628, -0.07011,  0.00000;
  -0.24846,  0.21600,  0.00000;
   0.75621, -0.64434,  0.00000;
  -1.10028, -0.99334,  0.00000;
   0.37849, -1.85467,  0.00000;
   0.18995,  1.12435,  0.00000;
  -0.74498, -0.09926,  0.00000;
  -1.15861,  0.86160,  0.00000;
  -0.59641, -0.47179,  0.00000;
   0.89208,  1.00945,  0.00000;
   0.75610,  0.83159,  0.00000;
  -0.56760, -1.12390,  0.00000;
   0.37788,  0.67322,  0.00000;
   1.05223, -1.60449,  0.00000;
   0.70497,  0.34068,  0.00000;
  -0.80626, -1.33388,  0.00000;
  -0.00932,  0.45919,  0.00000;
   0.94878, -1.80164,  0.00000;
  -0.16145,  1.29474,  0.00000;
  -0.67640,  0.18204,  0.00000;
  -0.72354, -1.32162,  0.00000;
  -1.01871, -1.31707,  0.00000;
  -0.86883, -0.61335,  0.00000;
  -1.21647, -0.16750,  0.00000;
  -0.15986,  0.43264,  0.00000;
   1.42242,  2.83046,  0.00000;
  -0.33437, -1.42852,  0.00000;
   0.07504, -1.01025,  0.00000;
   0.51238, -0.50923,  0.00000;
   1.05182,  0.86491,  0.00000;
  -1.96279,  0.02390,  0.00000;
   1.21095, -1.29523,  0.00000;
  -1.00712,  0.05747,  0.00000;
  -1.36044,  1.05203,  0.00000;
   0.62078, -0.65547,  0.00000;
   0.21283, -0.37552,  0.00000;
   1.17080, -0.51368,  0.00000;
  -1.32978, -0.64927,  0.00000;
   1.37357,  0.49356,  0.00000;
   1.28947,  0.63153,  0.00000;
   0.27262, -0.93273,  0.00000;
  -1.27166,  1.24079,  0.00000;
   0.43803, -1.05698,  0.00000;
   0.93654, -0.30770,  0.00000;
  -0.08767, -0.52003,  0.00000;
  -0.14781,  0.19166,  0.00000;
  -1.01861, -0.76980,  0.00000;
  -0.24310, -1.15076,  0.00000;
   1.33199, -0.87276,  0.00000;
   0.57382,  0.46061,  0.00000;
   0.98455,  1.08832,  0.00000;
  -1.32363,  1.00472,  0.00000;
   0.75389, -0.71615,  0.00000;
   1.47299,  0.04095,  0.00000;
   0.51488,  0.41696,  0.00000;
   2.27190,  1.01844,  0.00000;
   0.00500, -0.52973,  0.00000;
   0.02460,  0.13745,  0.00000;
   0.51295, -0.27172,  0.00000;
   1.19568, -1.07906,  0.00000;
   0.74995,  2.34626,  0.00000;
  -0.43526, -0.10907,  0.00000;
  -0.71790, -0.06694,  0.00000;
   1.65264,  1.27541,  0.00000;
   0.01160, -0.62345,  0.00000;
  -0.93713, -1.45695,  0.00000;
  -1.44955, -1.29069,  0.00000;
   0.89632,  0.49537,  0.00000;
   0.22222,  0.46478,  0.00000;
   0.17566,  2.69983,  0.00000;
   0.69263,  0.69717,  0.00000;
   0.28705,  1.27314,  0.00000;
  -1.08907, -0.40207,  0.00000;
  -1.18495, -0.39137,  0.00000;
   0.74621,  0.61213,  0.00000;
  -0.42006, -1.02308,  0.00000;
  -0.14219, -0.54101,  0.00000;
  -0.10124, -1.36990,  0.00000;
  -0.48623, -1.17277,  0.00000;
  -0.21526,  0.61730,  0.00000;
   0.87341, -0.65318,  0.00000;
   0.16190, -0.47225,  0.00000;
  -1.15556, -0.39969,  0.00000;
   0.24946,  1.52116,  0.00000;
   0.04136,  0.06479,  0.00000;
  -0.48402, -0.79322,  0.00000;
   0.42738,  0.46615,  0.00000;
  -1.35453,  0.46663,  0.00000;
   0.47336,  0.93685,  0.00000;
  -0.25046,  1.41509,  0.00000;
   0.39692,  0.15348,  0.00000;
   0.78373, -1.08497,  0.00000;
  -0.63697,  0.95299,  0.00000;
   0.47195,  0.16840,  0.00000;
  -1.21572,  1.07781,  0.00000;
   0.74576, -0.02533,  0.00000;
  -0.46989,  0.47234,  0.00000;
   1.53889,  0.24647,  0.00000;
  -0.77145, -2.07033,  0.00000;
  -0.10225, -0.56048,  0.00000;
   0.90700,  1.50607,  0.00000;
  -0.80950, -3.03999,  0.00000;
   0.20504,  0.96384,  0.00000;
   0.75312, -0.52009,  0.00000;
   0.42031,  1.46779,  0.00000;
   0.20432, -1.30262,  0.00000;
  -2.04612,  0.48269,  0.00000;
   1.09390,  0.18300,  0.00000;
   0.41541, -1.26690,  0.00000;
   0.62845, -0.59729,  0.00000;
   1.08343,  0.54518,  0.00000;
  -0.40417,  0.81123,  0.00000;
  -2.17796, -0.00961,  0.00000;
  -0.29946,  1.10467,  0.00000;
  -0.64203, -0.55540,  0.00000;
   0.60425,  1.21973,  0.00000;
   0.49728, -0.20471,  0.00000;
   0.10549,  1.02643,  0.00000;
   1.89374,  0.29006,  0.00000;
   1.20645,  0.41534,  0.00000;
  -0.64286, -0.25538,  0.00000;
   0.94490,  0.09407,  0.00000;
  -1.46968, -0.40207,  0.00000;
   0.14971,  0.05939,  0.00000;
  -1.54013,  1.33005,  0.00000;
  -0.77776, -0.95865,  0.00000;
  -0.27207, -0.76534,  0.00000;
  -0.53569, -0.35522,  0.00000;
  -0.00066,  0.17380,  0.00000;
  -0.97183,  0.10177,  0.00000;
  -0.81632,  0.73298,  0.00000;
  -0.25477,  2.24608,  0.00000;
   0.21085,  0.13862,  0.00000;
   0.35830,  1.02322,  0.00000;
   0.54409, -1.20897,  0.00000;
  -0.32726,  0.17658,  0.00000;
  -0.06245, -0.90582,  0.00000;
  -1.61090,  0.28651,  0.00000;
  -0.54556,  0.19824,  0.00000;
  -0.15607, -1.45723,  0.00000;
  -1.10381, -0.24734,  0.00000;
  -1.39961, -1.02369,  0.00000;
  -1.17196, -1.70983,  0.00000;
  -0.86361,  0.01757,  0.00000;
  -0.98381, -0.91264,  0.00000;
  -1.49029, -0.88982,  0.00000;
  -0.81681,  0.61105,  0.00000;
   1.49802,  0.35759,  0.00000;
  -0.18096, -0.35096,  0.00000;
  -1.35704, -1.69823,  0.00000;
   1.72783, -0.58734,  0.00000;
  -0.22513, -1.92509,  0.00000;
  -1.66728, -0.82497,  0.00000;
  -0.57275, -0.68649,  0.00000;
   0.00015,  2.19041,  0.00000;
   0.12965, -0.48770,  0.00000;
  -0.23287, -0.24982,  0.00000;
  -0.64542,  1.22829,  0.00000;
   1.14467,  0.20052,  0.00000;
  -0.53912, -0.22805,  0.00000;
  -0.61569, -0.51672,  0.00000;
   0.13988,  0.37124,  0.00000;
   1.16666, -0.45445,  0.00000;
  -1.14260,  0.04907,  0.00000;
  -0.84048,  1.04970,  0.00000;
  -0.50174, -2.54585,  0.00000;
   0.48867, -0.58411,  0.00000;
   0.85780, -0.49821,  0.00000;
  -1.11944,  0.22571,  0.00000;
   0.66344,  0.12123,  0.00000;
   0.89163,  1.62964,  0.00000;
  -0.04099, -0.10530,  0.00000;
  -0.01524, -1.73765,  0.00000;
  -0.28823,  0.04463,  0.00000;
  -0.09292,  0.03030,  0.00000;
  -1.44258, -0.38594,  0.00000;
  -0.89566, -0.63381,  0.00000;
   1.44180,  0.77728,  0.00000;
   1.51655,  0.41067,  0.00000;
   0.12135, -0.41561,  0.00000;
  -2.28671,  0.43861,  0.00000;
  -0.54852, -0.06747,  0.00000;
   0.83804, -0.39207,  0.00000;
  -0.00823,  0.45303,  0.00000;
   1.41064, -0.17855,  0.00000;
   2.06926,  0.39573,  0.00000;
  -0.20800, -1.36746,  0.00000;
  -0.68911, -0.70632,  0.00000;
  -0.04490,  1.29503,  0.00000;
   1.45606, -0.86959,  0.00000;
   0.67355, -0.00750,  0.00000;
   1.59844, -1.60979,  0.00000;
   0.27551, -0.89718,  0.00000;
   1.22440, -0.47311,  0.00000;
  -1.31214, -1.05691,  0.00000;
   0.75981, -0.62062,  0.00000;
   0.19561, -0.01965,  0.00000;
   1.21044, -0.89583,  0.00000;
   0.56260, -3.12647,  0.00000;
   1.01731, -1.28724,  0.00000;
   0.72334, -0.27806,  0.00000;
  -0.50932, -0.56337,  0.00000;
   2.41018, -0.01719,  0.00000;
   2.16204,  1.47142,  0.00000;
   0.47834, -0.51881,  0.00000;
   1.24817, -1.43724,  0.00000;
   1.62723, -3.05011,  0.00000;
   0.12978, -0.52406,  0.00000;
  -0.50800, -0.19819,  0.00000;
   1.37570, -0.46306,  0.00000;
  -0.06398, -1.66636,  0.00000;
  -1.57462,  0.04424,  0.00000;
   0.96041, -0.65664,  0.00000;
   1.45652, -1.28697,  0.00000;
   0.92547, -2.94421,  0.00000;
   1.59572, -0.60391,  0.00000;
  -0.65362,  0.76804,  0.00000;
  -1.09115, -1.38483,  0.00000;
   0.99620,  0.13451,  0.00000;
  -1.86014,  0.44467,  0.00000;
  -0.70185, -0.21454,  0.00000;
  -0.88858, -0.98121,  0.00000;
  -1.62808,  0.15027,  0.00000;
   0.95334, -1.72107,  0.00000;
   2.40441,  1.58966,  0.00000;
   1.90954,  1.64187,  0.00000;
   1.71139,  0.15002,  0.00000;
   0.96038,  0.61425,  0.00000;
   1.06578,  0.55975,  0.00000;
  -1.00809,  0.43788,  0.00000;
  -0.08616, -0.08954,  0.00000;
  -1.18102, -1.47004,  0.00000;
  -0.10267, -1.01370,  0.00000;
  -0.91052,  0.60068,  0.00000;
   0.28403, -0.94743,  0.00000;
   0.31616,  0.10566,  0.00000;
  -0.52636,  2.99960,  0.00000;
   0.31926,  0.46998,  0.00000;
  -0.81173,  0.46103,  0.00000;
  -1.44939,  0.94088,  0.00000;
  -0.12163, -0.50828,  0.00000;
  -1.06998, -0.70052,  0.00000;
   0.85437,  1.69024,  0.00000;
   0.79554, -0.17979,  0.00000;
   0.62830, -0.67684,  0.00000;
  -0.81259, -2.53963,  0.00000;
  -0.27162, -1.74803,  0.00000;
  -1.81996, -1.33083,  0.00000;
  -0.84292, -0.02154,  0.00000;
  -0.70412,  1.12979,  0.00000;
   1.36181,  0.82923,  0.00000;
  -1.49680,  1.51117,  0.00000;
  -0.68565, -0.56082,  0.00000;
  -0.00702,  0.33887,  0.00000;
  -1.64323, -3.38760,  0.00000;
  -0.05714,  0.86125,  0.00000;
   0.96129, -0.30852,  0.00000;
   0.07732,  0.42423,  0.00000;
  -0.30660, -0.73692,  0.00000;
  -1.21591, -0.06770,  0.00000;
  -1.19784,  0.55795,  0.00000;
  -1.85133, -1.36131,  0.00000;
   1.02921,  0.04802,  0.00000;
   0.63694,  0.42780,  0.00000;
   0.88621, -1.14209,  0.00000;
  -0.19498,  0.93455,  0.00000;
  -0.63417, -0.66933,  0.00000;
   0.41660, -1.14998,  0.00000;
  -0.47662,  1.96269,  0.00000;
   0.34264,  0.36514,  0.00000;
  -0.19003,  0.42957,  0.00000;
  -0.44722, -2.29904,  0.00000;
   1.44614,  0.07269,  0.00000;
  -0.93025,  0.75491,  0.00000;
  -1.36139, -0.55241,  0.00000;
  -0.55184,  0.65547,  0.00000;
   0.99889,  1.76002,  0.00000;
  -1.19050, -0.03935,  0.00000;
   0.46401, -0.29007,  0.00000;
  -0.63614,  1.42572,  0.00000;
  -0.93097, -0.07267,  0.00000;
  -0.17009,  0.37754,  0.00000;
  -1.26199, -1.00625,  0.00000;
  -0.95970, -1.20528,  0.00000;
  -1.50855, -0.17050,  0.00000;
   0.92323,  0.30807,  0.00000;
  -1.14899, -0.32610,  0.00000;
  -1.05198,  0.00002,  0.00000;
   2.39249,  0.14368,  0.00000;
  -1.12781,  0.14040,  0.00000;
   0.45176,  1.63827,  0.00000;
   0.11432, -0.63195,  0.00000;
  -0.30910,  2.71693,  0.00000;
   0.98915,  0.79428,  0.00000;
   0.45884,  0.59583,  0.00000;
  -1.53731, -2.14758,  0.00000;
  -0.15405,  1.95979,  0.00000;
  -2.53438,  0.23630,  0.00000;
   0.29587,  0.18753,  0.00000;
  -0.25981,  0.68765,  0.00000;
   0.54258,  0.32744,  0.00000;
   0.88490,  0.07740,  0.00000;
  -0.33887, -0.86898,  0.00000;
   0.14640, -0.38785,  0.00000;
   1.39841,  0.77791,  0.00000;
   0.32983,  0.30113,  0.00000;
  -1.58359, -0.26599,  0.00000;
  -0.96940, -0.38421,  0.00000;
  -1.60692,  2.12227,  0.00000;
  -1.34505,  1.25142,  0.00000;
   0.46861, -0.72525,  0.00000;
   0.69407,  0.21253,  0.00000;
   0.44024,  0.01896,  0.00000;
   0.31820,  0.61079,  0.00000;
   0.96909,  1.46574,  0.00000;
   0.84252, -0.43464,  0.00000;
  -0.22778,  0.01809,  0.00000;
  -1.13900, -0.72956,  0.00000;
   0.04661, -0.39416,  0.00000;
   0.83681,  1.31635,  0.00000;
  -1.51815,  0.56506,  0.00000;
  -0.77701, -0.33866,  0.00000;
  -0.11031,  1.44913,  0.00000;
   0.04652, -1.43452,  0.00000;
   0.62325, -0.74245,  0.00000;
  -0.59690,  0.96870,  0.00000;
   0.10825, -1.36328,  0.00000;
  -0.96288,  0.57818,  0.00000;
   0.67108,  0.07627,  0.00000;
  -0.28775, -0.25192,  0.00000;
   0.34806, -0.75567,  0.00000;
   0.99204,  0.01213,  0.00000;
   0.68296,  0.14774,  0.00000;
   0.18202,  0.34296,  0.00000;
   0.22639, -0.19757,  0.00000;
  -0.13823,  0.89493,  0.00000;
  -1.47817, -0.35865,  0.00000;
  -0.15528, -0.27948,  0.00000;
  -1.51104, -0.23981,  0.00000;
  -1.56356, -0.24586,  0.00000;
  -2.56566,  0.77443,  0.00000;
   2.31706,  0.30396,  0.00000;
  -0.71936,  0.49108,  0.00000;
   0.50517,  0.55699,  0.00000;
   1.04455, -0.35163,  0.00000;
  -0.54590, -0.63830,  0.00000;
  -0.63882, -0.16354,  0.00000;
   1.10811,  1.03628,  0.00000;
  -2.85893, -0.88881,  0.00000;
  -0.81258, -1.19034,  0.00000;
  -0.98824, -1.91060,  0.00000;
  -0.96196,  0.43177,  0.00000;
   0.78357,  1.94844,  0.00000;
  -1.66184, -1.35683,  0.00000;
  -0.13833,  0.77174,  0.00000;
   0.94752, -0.83813,  0.00000;
  -0.67150,  0.03762,  0.00000;
   0.15314,  0.02018,  0.00000;
  -1.41634,  1.12571,  0.00000;
   0.12888, -1.13204,  0.00000;
   1.17992,  0.64401,  0.00000;
  -0.35181, -0.74585,  0.00000;
  -0.28269,  0.85805,  0.00000;
  -0.54664, -1.73055,  0.00000;
   0.09920, -0.95383,  0.00000;
   0.02787,  1.61338,  0.00000;
  -1.37607, -0.50245,  0.00000;
   0.92422,  0.65306,  0.00000;
   1.53320,  0.62339,  0.00000;
  -2.16112,  1.09324,  0.00000;
   0.46682,  1.53573,  0.00000;
   1.26978, -0.16090,  0.00000;
   0.32447,  0.74051,  0.00000;
  -1.01166,  0.32751,  0.00000;
  -1.13112, -0.91437,  0.00000;
   1.17426,  1.66446,  0.00000;
   0.35421,  1.13412,  0.00000;
  -1.22009,  0.35894,  0.00000;
  -1.42347,  1.45552,  0.00000;
  -0.80168,  0.18672,  0.00000;
  -0.38810, -0.03356,  0.00000;
   1.84865,  1.05464,  0.00000;
   0.95699,  0.89856,  0.00000;
  -0.42176, -0.93469,  0.00000;
   1.24563,  1.16003,  0.00000;
   0.05710, -0.26286,  0.00000;
  -0.42589,  0.16167,  0.00000;
   0.24026, -0.68095,  0.00000;
   0.09679,  0.79096,  0.00000;
   1.60697,  1.59392,  0.00000;
   0.68196, -1.36356,  0.00000;
   1.32846,  0.21654,  0.00000;
  -1.30463,  0.27472,  0.00000;
  -0.07558, -1.79863,  0.00000;
  -0.25665, -1.50989,  0.00000;
  -1.02704,  0.57198,  0.00000;
  -0.14053, -0.11259,  0.00000;
   1.05793,  0.27484,  0.00000;
  -0.74201, -0.62684,  0.00000;
   1.02149, -0.49177,  0.00000;
  -0.53463,  1.20462,  0.00000;
   0.62553,  0.15696,  0.00000;
  -1.65323, -1.00819,  0.00000;
  -0.61702, -1.15649,  0.00000;
  -1.87129, -0.75836,  0.00000;
  -0.49525,  0.03202,  0.00000;
   1.02526,  0.08302,  0.00000;
  -0.86796, -0.71284,  0.00000;
   1.82030,  0.82442,  0.00000;
  -0.61123,  0.81689,  0.00000;
  -0.29879, -0.54441,  0.00000;
   1.16308,  1.15616,  0.00000;
   0.68428, -1.68147,  0.00000;
  -1.81897,  1.06787,  0.00000;
   0.78970,  0.65314,  0.00000;
   0.28412,  0.33674,  0.00000;
   1.99435, -0.66786,  0.00000;
  -0.26947,  0.91621,  0.00000;
   0.42974, -0.07543,  0.00000;
   0.45798, -2.75082,  0.00000;
   0.01207, -0.09038,  0.00000;
  -0.13309, -1.31312,  0.00000;
   2.02347, -2.29911,  0.00000;
   0.33869, -1.31333,  0.00000;
  -1.47819, -1.55568,  0.00000;
  -0.84526, -1.72124,  0.00000;
   0.45002,  0.22832,  0.00000;
   0.16279, -0.43389,  0.00000;
  -0.43486, -0.12196,  0.00000;
   1.22029,  0.59156,  0.00000;
   0.21929,  0.44950,  0.00000;
   1.45877,  0.63344,  0.00000;
  -1.12256, -1.04024,  0.00000;
  -0.42975,  1.49370,  0.00000;
  -0.57080,  0.37273,  0.00000;
   2.34716,  1.79576,  0.00000;
   0.40963, -1.07954,  0.00000;
   0.19649,  0.11744,  0.00000;
   0.88505,  0.51139,  0.00000;
  -1.84395, -0.25343,  0.00000;
  -0.14099,  0.85885,  0.00000;
   1.42400,  1.54865,  0.00000;
  -1.06743,  1.21771,  0.00000;
  -1.71324, -0.50817,  0.00000;
  -1.37991,  1.47456,  0.00000;
   0.18063, -0.13610,  0.00000;
   0.05986,  0.33376,  0.00000;
  -0.72192,  0.02409,  0.00000;
  -0.07412, -0.60078,  0.00000;
   1.44828, -1.08128,  0.00000;
  -0.68202,  1.96698,  0.00000;
   0.59443,  0.87017,  0.00000;
  -0.15435,  0.08795,  0.00000;
  -0.48017, -0.65086,  0.00000;
  -0.47157, -1.08059,  0.00000;
   1.34915, -2.13538,  0.00000;
  -0.76609,  1.39245,  0.00000;
  -2.67910,  0.39649,  0.00000;
   0.72936, -0.06026,  0.00000;
  -0.74057,  0.01173,  0.00000;
  -0.62602, -1.06101,  0.00000;
  -0.88856, -0.88083,  0.00000;
  -0.72680,  1.15857,  0.00000;
   0.58557,  1.04725,  0.00000;
  -0.45677,  1.25126,  0.00000;
  -1.11216, -0.40606,  0.00000;
  -1.21322, -0.50646,  0.00000;
   1.12961,  0.27913,  0.00000;
   1.02301, -0.15969,  0.00000;
  -0.59228,  1.15255,  0.00000;
  -1.12845, -0.74791,  0.00000;
   0.18578, -2.37692,  0.00000;
  -0.17360,  0.05914,  0.00000;
   2.47280, -0.82147,  0.00000;
  -2.62735,  0.43487,  0.00000;
  -0.86486,  0.66328,  0.00000;
   0.41867,  1.63391,  0.00000;
  -0.52230,  1.16287,  0.00000;
  -2.10207,  0.03531,  0.00000;
  -0.63534,  0.29296,  0.00000;
   0.48341,  1.80787,  0.00000;
  -0.53689, -1.24501,  0.00000;
  -1.78197,  0.71240,  0.00000;
   0.60279,  0.43399,  0.00000;
  -1.09573, -0.38668,  0.00000;
  -0.30935,  1.07673,  0.00000;
  -0.28163,  1.14211,  0.00000;
   0.70639,  1.22980,  0.00000;
  -0.49370, -1.99449,  0.00000;
  -0.74289,  0.18122,  0.00000;
  -0.34234, -0.73055,  0.00000;
   1.34865, -0.09828,  0.00000;
   0.21184,  1.39694,  0.00000;
   0.15654,  0.59074,  0.00000;
   1.40320, -1.09416,  0.00000;
  -1.24451,  0.21498,  0.00000;
  -1.13229, -1.25599,  0.00000;
  -0.48519,  0.43362,  0.00000;
  -0.10934, -0.31105,  0.00000;
  -0.68136,  0.16830,  0.00000;
   0.34029,  0.70136,  0.00000;
   1.33925,  0.00366,  0.00000;
  -0.94195,  0.95471,  0.00000;
   1.19592, -0.59939,  0.00000;
   0.08862,  0.03963,  0.00000;
  -0.47520,  0.14881,  0.00000;
  -0.57624,  0.46102,  0.00000;
  -0.08422, -0.58501,  0.00000;
   0.14570,  1.71123,  0.00000;
   0.80338, -1.84092,  0.00000;
   0.65453,  0.14727,  0.00000;
   0.69353, -0.40875,  0.00000;
   0.74444, -0.05582,  0.00000;
   0.36427, -0.36413,  0.00000;
   1.21742,  0.76821,  0.00000;
   0.42085, -0.93349,  0.00000;
  -1.13546, -0.12069,  0.00000;
   1.67444,  1.24411,  0.00000;
  -0.70073, -0.39970,  0.00000;
  -0.50140,  1.50341,  0.00000;
  -0.71487,  0.29424,  0.00000;
   0.68234, -1.29356,  0.00000;
  -0.24011,  0.13396,  0.00000;
  -0.63937,  0.07970,  0.00000;
   0.18272,  0.34333,  0.00000;
  -1.46386, -1.86057,  0.00000;
   0.50441,  0.54753,  0.00000;
  -0.38382, -1.76274,  0.00000;
   0.25617, -2.23423,  0.00000;
   0.95111, -0.85820,  0.00000;
   0.79439,  0.61980,  0.00000;
   1.49252, -1.59844,  0.00000;
   0.25494,  1.20392,  0.00000;
   1.45728,  0.00354,  0.00000;
   0.00016,  0.24069,  0.00000;
  -0.19004, -1.36474,  0.00000;
  -0.65943, -0.42020,  0.00000;
   0.06440, -0.94173,  0.00000;
  -0.56895,  1.29616,  0.00000;
   0.08261,  1.21331,  0.00000;
  -0.37356, -0.44585,  0.00000;
  -2.49847,  1.52200,  0.00000;
  -0.77076,  0.31489,  0.00000;
   0.52063, -0.84017,  0.00000;
   1.33278,  0.37152,  0.00000;
  -0.51863,  0.43918,  0.00000;
   1.94617,  0.88186,  0.00000;
   0.14084,  0.00314,  0.00000;
  -0.60138, -1.86532,  0.00000;
   0.53768, -0.26272,  0.00000;
  -0.20160,  0.89451,  0.00000;
  -1.36181, -1.35646,  0.00000;
   2.84012, -1.09562,  0.00000;
  -1.75795, -0.62068,  0.00000;
   1.34267, -1.03867,  0.00000;
  -1.74232,  1.30747,  0.00000;
  -1.65008, -1.05289,  0.00000;
   1.36533,  1.46936,  0.00000;
  -0.09917, -1.50653,  0.00000;
   0.20146,  1.52640,  0.00000;
  -1.88595,  1.91319,  0.00000;
  -0.84124, -0.92987,  0.00000;
  -0.22928,  0.23022,  0.00000;
  -0.14685, -0.91732,  0.00000;
   1.15244,  0.06656,  0.00000;
  -1.08858,  0.12739,  0.00000;
  -0.02498, -0.26332,  0.00000;
  -0.94097,  1.46377,  0.00000;
   1.44220, -0.45130,  0.00000;
  -0.63869, -0.55066,  0.00000;
  -0.40715, -0.37527,  0.00000;
   0.20462,  0.06289,  0.00000;
   0.64492, -1.97813,  0.00000;
  -1.11544, -0.14376,  0.00000;
  -1.41586,  0.03970,  0.00000;
   1.36282,  0.30141,  0.00000;
  -1.50936,  0.32478,  0.00000;
   1.89903,  0.63083,  0.00000;
  -0.01318,  1.04308,  0.00000;
  -1.39057, -1.00832,  0.00000;
  -1.04646, -1.02781,  0.00000;
   1.68279,  1.07762,  0.00000;
   2.74411,  0.96944,  0.00000;
  -1.99006, -0.02325,  0.00000;
   1.21017,  0.25287,  0.00000;
  -0.43650, -0.06448,  0.00000;
  -0.00975, -0.14987,  0.00000;
   0.66081,  1.03262,  0.00000;
  -0.44282,  0.23501,  0.00000;
  -0.87362,  0.65040,  0.00000;
  -1.22050, -0.49821,  0.00000;
  -1.19917,  0.41967,  0.00000;
  -0.11371,  1.19696,  0.00000;
  -0.85849,  0.16938,  0.00000;
  -0.21786,  0.73747,  0.00000;
  -0.50865,  1.61943,  0.00000;
  -1.02476, -1.84774,  0.00000;
  -0.81942, -0.62578,  0.00000;
   0.82731,  0.60690,  0.00000;
   1.17219,  1.27988,  0.00000;
   0.52613, -2.28869,  0.00000;
  -0.71506,  0.67326,  0.00000;
   0.27690,  1.04078,  0.00000;
   1.94417, -0.85729,  0.00000;
   1.27973, -1.10527,  0.00000;
  -0.68111, -0.75565,  0.00000;
  -0.87896, -1.56522,  0.00000;
   0.45416, -1.08321,  0.00000;
   0.65922,  1.03645,  0.00000;
  -1.17386, -0.09664,  0.00000;
   1.03022, -1.38300,  0.00000;
   0.91575,  0.08811,  0.00000;
  -0.79648, -0.10390,  0.00000;
  -0.88014,  0.06186,  0.00000;
  -2.49228, -0.93271,  0.00000;
   0.25868,  0.51128,  0.00000;
  -0.33652, -0.28748,  0.00000;
   1.49138,  2.08829,  0.00000;
  -0.58489,  1.07727,  0.00000;
  -0.28720,  2.05869,  0.00000;
   0.32638,  0.04005,  0.00000;
  -1.84701,  0.28507,  0.00000;
   0.40343, -1.60153,  0.00000;
   1.07445,  1.45307,  0.00000;
   0.14020, -0.48321,  0.00000;
   0.41506,  0.00383,  0.00000;
   0.06124, -0.07306,  0.00000;
  -1.96499,  1.04144,  0.00000;
  -1.13096,  0.53128,  0.00000;
   0.82899, -0.94581,  0.00000;
   1.09123, -0.20137,  0.00000;
   0.76703, -1.10412,  0.00000;
  -2.26875, -0.36596,  0.00000;
   1.64177, -1.97806,  0.00000;
  -0.64888,  2.45619,  0.00000;
  -0.18907,  1.26489,  0.00000;
   0.19142, -1.11894,  0.00000;
   1.28047,  0.56090,  0.00000;
   0.51211, -0.43726,  0.00000;
  -0.21522,  0.11875,  0.00000;
  -0.23784, -0.41048,  0.00000;
  -0.10289,  0.67426,  0.00000;
  -0.43706,  0.62691,  0.00000;
   0.01613,  0.90012,  0.00000;
   1.00302, -0.23017,  0.00000;
   1.04218,  0.64953,  0.00000;
   1.64300, -0.11852,  0.00000;
   0.58985, -0.56512,  0.00000;
  -0.03515, -0.52254,  0.00000;
   0.35957,  0.93231,  0.00000;
   0.21538, -0.71639,  0.00000;
  -1.43793,  0.22927,  0.00000;
   1.36491,  1.56665,  0.00000;
  -0.93397,  0.33071,  0.00000;
  -0.01275, -0.24313,  0.00000;
  -0.83658,  0.66051,  0.00000;
  -0.51568, -0.74158,  0.00000;
   0.56138, -0.05427,  0.00000;
   0.07711,  1.53678,  0.00000;
  -0.87499, -0.04712,  0.00000;
  -0.08138,  1.11999,  0.00000;
   0.90066,  0.53638,  0.00000;
   0.47218,  1.80550,  0.00000;
   0.16416,  0.38932,  0.00000;
   0.06949,  1.49856,  0.00000;
  -0.24105,  0.49605,  0.00000;
  -0.45707, -0.74572,  0.00000;
  -1.50884,  0.48598,  0.00000;
  -0.39941, -2.38684,  0.00000;
  -1.22082,  0.25657,  0.00000;
   0.60559,  1.36626,  0.00000;
  -0.14501, -1.29571,  0.00000;
  -0.08844,  0.54253,  0.00000;
  -0.47028,  0.87203,  0.00000;
   0.70100,  0.07372,  0.00000;
   0.21361,  1.00407,  0.00000;
  -0.61090,  0.06556,  0.00000;
   0.30980,  0.64137,  0.00000;
   1.22428, -0.26608,  0.00000;
  -0.43742, -1.10351,  0.00000;
  -0.76965,  2.14566,  0.00000;
  -0.16350,  1.70873,  0.00000;
   0.05832,  1.87550,  0.00000;
  -0.72303, -1.15549,  0.00000;
  -0.35156, -0.41778,  0.00000;
  -0.22746, -0.13257,  0.00000;
  -0.33946, -1.89911,  0.00000;
   1.02401,  2.11480,  0.00000;
   1.88941, -0.11612,  0.00000;
   0.12672,  0.05984,  0.00000;
   0.45057,  0.19278,  0.00000;
   0.98633, -0.00805,  0.00000;
   0.62499,  1.82379,  0.00000;
   0.53072, -0.39503,  0.00000;
   1.05397, -0.87985,  0.00000;
   0.96342,  1.29809,  0.00000;
  -0.95910, -0.25386,  0.00000;
  -0.21047,  0.29941,  0.00000;
  -0.31360, -1.72991,  0.00000;
  -1.45810,  0.16202,  0.00000;
   0.24251,  1.85806,  0.00000;
   1.39849,  0.15889,  0.00000;
  -1.23429, -0.20047,  0.00000;
  -1.04414, -0.83472,  0.00000;
   0.54926, -0.34216,  0.00000;
  -1.85046, -1.92322,  0.00000;
   0.79428, -1.09761,  0.00000;
  -0.25663,  0.47028,  0.00000;
   1.40553,  0.34438,  0.00000;
  -0.19580, -1.08889,  0.00000;
   1.05282,  1.86679,  0.00000;
   1.33403,  1.19972,  0.00000;
  -1.18900,  0.08341,  0.00000;
  -2.15933, -2.19145,  0.00000;
   0.26814,  2.04093,  0.00000;
  -0.67254, -0.35160,  0.00000;
  -1.65940,  0.55411,  0.00000;
   0.34386, -0.80530,  0.00000;
   0.05659,  0.11634,  0.00000;
  -1.06688, -0.66711,  0.00000;
   0.36577,  0.53428,  0.00000;
   0.34828, -0.62187,  0.00000;
   0.00619, -2.05480,  0.00000;
   0.10637,  0.98058,  0.00000;
   2.12420, -1.30232,  0.00000;
   0.18109,  0.99205,  0.00000;
   0.60049,  0.50074,  0.00000;
   1.33535,  0.51175,  0.00000;
   0.41048,  1.46849,  0.00000;
   0.71111,  0.23588,  0.00000;
   0.71020,  0.37431,  0.00000;
   1.10885, -0.74007,  0.00000;
  -0.05500,  0.23377,  0.00000;
  -0.77944,  0.29001,  0.00000;
  -0.54002,  0.00222,  0.00000;
   0.62978,  2.06356,  0.00000;
   0.30997, -0.88312,  0.00000;
   0.57919,  1.74477,  0.00000;
   0.78331, -1.41961,  0.00000;
  -1.32769, -0.98134,  0.00000;
   1.99219,  1.54864,  0.00000;
   0.27452, -2.35469,  0.00000;
  -1.94760,  0.99549,  0.00000;
   0.00585,  0.27925,  0.00000;
   1.31448,  1.14877,  0.00000;
  -1.37770,  0.88398,  0.00000;
   0.48752, -0.13816,  0.00000;
   0.87242, -0.96733,  0.00000;
  -0.12217,  0.52968,  0.00000;
  -0.58638, -0.27497,  0.00000;
   1.61595,  0.88407,  0.00000;
   0.39963,  0.59726,  0.00000;
  -1.17721,  0.90215,  0.00000;
  -0.47186,  0.78856,  0.00000;
  -0.70396,  1.18993,  0.00000;
   0.46622,  0.08538,  0.00000;
  -2.13528,  1.48299,  0.00000;
  -1.73134, -1.26070,  0.00000;
  -1.53694, -0.97724,  0.00000;
  -0.04968, -0.22499,  0.00000;
  -0.25691, -0.02995,  0.00000;
  -0.04786, -0.48413,  0.00000;
   0.07225,  1.58350,  0.00000;
   0.74053,  0.20502,  0.00000;
  -0.16212, -0.86144,  0.00000;
   2.55556,  0.39601,  0.00000;
  -0.76939, -0.91259,  0.00000;
   0.40095,  0.30691,  0.00000;
   1.24251, -0.00643,  0.00000;
  -0.43139,  0.28167,  0.00000;
   0.60118,  0.96676,  0.00000;
  -0.89974,  1.57018,  0.00000;
  -1.72090,  1.94654,  0.00000;
   0.04363,  1.93036,  0.00000;
   0.46628, -0.91665,  0.00000;
   3.67801,  2.65772,  1.00000;
   4.39999,  3.07628,  1.00000;
   2.90824,  4.66178,  1.00000;
   3.74814,  3.66223,  1.00000;
   3.92220,  1.99942,  1.00000;
   4.03194,  2.84153,  1.00000;
   5.28745,  5.08523,  1.00000;
   4.35192,  2.55699,  1.00000;
   4.78688,  2.76449,  1.00000;
   3.39611,  4.61303,  1.00000;
   3.41131,  3.28490,  1.00000;
   4.58620,  2.55661,  1.00000;
   1.38724,  2.15398,  1.00000;
   5.18591,  3.79059,  1.00000;
   6.05583,  5.49773,  1.00000;
   3.31657,  2.55697,  1.00000;
   3.05009,  2.06800,  1.00000;
   4.81572,  4.05749,  1.00000;
   6.39945,  2.81426,  1.00000;
   2.54618,  3.58529,  1.00000;
   4.17275,  3.70690,  1.00000;
   3.66604,  3.18979,  1.00000;
   3.50658,  4.22190,  1.00000;
   3.06766,  4.09031,  1.00000;
   3.26411,  2.43139,  1.00000;
   3.57064,  3.90597,  1.00000;
   2.55167,  2.30188,  1.00000;
   4.66045,  1.13393,  1.00000;
   3.74928,  4.03962,  1.00000;
   2.22811,  3.86723,  1.00000;
   4.37553,  2.33769,  1.00000;
   4.21871,  2.67000,  1.00000;
   1.08534,  3.14826,  1.00000;
   0.61899,  2.70661,  1.00000;
   1.59123,  2.87093,  1.00000;
   2.77405,  3.45073,  1.00000;
   4.62363,  3.81941,  1.00000;
   3.56616,  2.95280,  1.00000;
   2.16441,  2.18273,  1.00000;
   4.46027,  2.25466,  1.00000;
   2.72537,  3.10963,  1.00000;
   3.93139,  4.91371,  1.00000;
   3.92001,  4.46723,  1.00000;
   2.99580,  3.44660,  1.00000;
   4.84880,  3.79186,  1.00000;
   2.99321,  4.34799,  1.00000;
   3.11714,  3.81258,  1.00000;
   3.50329,  4.98414,  1.00000;
   3.64101,  3.74261,  1.00000;
   5.78800,  4.16238,  1.00000;
   5.20147,  3.53544,  1.00000;
   3.82119,  5.09388,  1.00000;
   5.17463,  4.33600,  1.00000;
   3.81063,  5.09282,  1.00000;
   2.40880,  2.81174,  1.00000;
   4.28255,  3.19244,  1.00000;
   0.68559,  3.25882,  1.00000;
   5.51332,  4.94236,  1.00000;
   2.70517,  3.13597,  1.00000;
   2.49268,  2.53844,  1.00000;
   4.13241,  3.03076,  1.00000;
   3.80120,  0.54974,  1.00000;
   2.11446,  3.69779,  1.00000;
   4.73107,  4.61360,  1.00000;
   4.51627,  2.71267,  1.00000;
   3.09369,  2.46535,  1.00000;
   5.16622,  4.37871,  1.00000;
   2.82953,  2.66868,  1.00000;
   2.37611,  3.14062,  1.00000;
   4.34062,  4.16674,  1.00000;
   4.82576,  3.11709,  1.00000;
   3.67613,  2.41665,  1.00000;
   2.34306,  4.32320,  1.00000;
   4.37317,  4.58612,  1.00000;
   4.80556,  3.33804,  1.00000;
   2.43713,  4.59964,  1.00000;
   2.76665,  4.43904,  1.00000;
   3.35787,  4.97235,  1.00000;
   3.03531,  4.60599,  1.00000;
   4.50058,  3.16369,  1.00000;
   4.94633,  2.79053,  1.00000;
   3.35599,  5.66835,  1.00000;
   1.78387,  3.03237,  1.00000;
   2.01267,  3.05457,  1.00000;
   2.68185,  4.10291,  1.00000;
   3.15147,  4.03239,  1.00000;
   2.17170,  4.15765,  1.00000;
   3.32079,  3.06337,  1.00000;
   4.15694,  2.11285,  1.00000;
   4.85972,  2.13014,  1.00000;
   4.58462,  1.85499,  1.00000;
   2.11970,  2.51379,  1.00000;
   4.59066,  5.35435,  1.00000;
   4.73592,  4.10826,  1.00000;
   4.59399,  2.51569,  1.00000;
   5.74664,  5.11812,  1.00000;
   4.61805,  3.19245,  1.00000;
   4.30686,  3.69302,  1.00000;
   4.07922,  2.27538,  1.00000;
   3.60192,  5.96578,  1.00000;
   1.70058,  5.39350,  1.00000;
   2.36354,  4.87079,  1.00000;
   4.70450,  2.73721,  1.00000;
   3.52133,  4.20353,  1.00000;
   3.77449,  4.34223,  1.00000;
   5.36182,  2.30841,  1.00000;
   3.34008,  1.75620,  1.00000;
   1.95914,  2.05348,  1.00000;
   2.19011,  2.23884,  1.00000;
   5.14685,  3.18998,  1.00000;
   2.94914,  2.41893,  1.00000;
   3.52687,  3.64125,  1.00000;
   3.22940,  4.71557,  1.00000;
   4.96323,  4.21944,  1.00000;
   4.73670,  1.75164,  1.00000;
   3.35855,  2.68575,  1.00000;
   2.42771,  2.83161,  1.00000;
   3.81352,  4.19372,  1.00000;
   2.16651,  4.11190,  1.00000;
   3.27142,  0.73007,  1.00000;
   3.76666,  5.38352,  1.00000;
   2.52617,  2.54501,  1.00000;
   3.64502,  4.33189,  1.00000;
   4.20854,  3.77661,  1.00000;
   2.94877,  3.17683,  1.00000;
   4.30991,  5.25994,  1.00000;
   1.88882,  5.09559,  1.00000;
   4.30686,  3.27829,  1.00000;
   3.21084,  3.19957,  1.00000;
   4.37502,  2.80296,  1.00000;
   3.00901,  0.20256,  1.00000;
   3.79903,  2.86949,  1.00000;
   3.93836,  2.59341,  1.00000;
   2.17419,  3.17454,  1.00000;
   3.03838,  3.65777,  1.00000;
   3.40026,  3.61952,  1.00000;
   4.53684,  2.12192,  1.00000;
   3.98430,  2.81720,  1.00000;
   2.14666,  3.84527,  1.00000;
   3.63288,  3.32303,  1.00000;
   2.10032,  4.41637,  1.00000;
   3.85667,  3.30423,  1.00000;
   4.67116,  5.09310,  1.00000;
   1.91568,  3.46630,  1.00000;
   4.03163,  3.95792,  1.00000;
   2.81746,  3.81506,  1.00000;
   3.90902,  3.99812,  1.00000;
   2.74176,  2.35930,  1.00000;
   4.21215,  1.96142,  1.00000;
   3.72679,  3.64989,  1.00000;
   3.16227,  5.42705,  1.00000;
   3.95801,  3.58188,  1.00000;
   4.68443,  4.25230,  1.00000;
   2.27856,  4.03499,  1.00000;
   3.53254,  5.69341,  1.00000;
   4.62724,  4.31978,  1.00000;
   5.30787,  3.81847,  1.00000;
   2.06382,  4.23248,  1.00000;
   2.07857,  3.32865,  1.00000;
   4.04922,  2.31111,  1.00000;
   1.18147,  4.16587,  1.00000;
   5.19877,  2.53650,  1.00000;
   3.64300,  4.21624,  1.00000;
   5.12459,  4.82761,  1.00000;
   2.84213,  3.24525,  1.00000;
   3.23980,  5.03934,  1.00000;
   2.99000,  1.13369,  1.00000;
   4.42907,  3.95794,  1.00000;
   5.42895,  6.09816,  1.00000;
   3.18948,  3.67396,  1.00000;
   4.28840,  2.72816,  1.00000;
   4.25423,  2.41791,  1.00000;
   4.08165,  3.89778,  1.00000;
   1.96211,  3.27887,  1.00000;
   3.82868,  3.27330,  1.00000;
   2.36108,  4.64166,  1.00000;
   3.73022,  4.07745,  1.00000;
   1.67828,  4.36460,  1.00000;
   4.00668,  2.20317,  1.00000;
   3.13928,  4.48407,  1.00000;
   3.99869,  4.94160,  1.00000;
   5.06585,  2.90550,  1.00000;
   3.69645,  5.38375,  1.00000;
   5.32597,  4.12585,  1.00000;
   4.11190,  2.93746,  1.00000;
   2.68230,  2.53806,  1.00000;
   3.29792,  4.25488,  1.00000;
   3.33080,  3.43635,  1.00000;
   2.19845,  3.27953,  1.00000;
   3.96771,  3.04617,  1.00000;
   3.88047,  5.01788,  1.00000;
   4.17233,  3.34288,  1.00000;
   4.32312,  3.64270,  1.00000;
   3.39228,  4.25155,  1.00000;
   3.04734,  4.95872,  1.00000;
   2.61398,  4.30592,  1.00000;
   3.88353,  3.43557,  1.00000;
   3.70853,  4.85685,  1.00000;
   3.87778,  2.73758,  1.00000;
   2.23435,  4.16346,  1.00000;
   2.63423,  3.45523,  1.00000;
   2.12292,  4.94140,  1.00000;
   2.88215,  2.39177,  1.00000;
   1.92417,  1.63118,  1.00000;
   4.05536,  4.83778,  1.00000;
   3.20631,  4.85657,  1.00000;
   5.13102,  3.39612,  1.00000;
   4.35353,  2.36848,  1.00000;
   3.87149,  4.88903,  1.00000;
   3.74075,  4.70897,  1.00000;
   3.29396,  1.65453,  1.00000;
   3.67724,  3.56323,  1.00000;
   2.25668,  3.34501,  1.00000;
   4.73799,  3.18871,  1.00000;
   3.64164,  0.91128,  1.00000;
   5.56621,  2.58056,  1.00000;
   4.44520,  3.37120,  1.00000;
   4.95327,  3.55019,  1.00000;
   4.49660,  3.14664,  1.00000;
   2.79825,  3.12669,  1.00000;
   4.48382,  3.38860,  1.00000;
   4.60500,  2.90141,  1.00000;
   3.10055,  3.88726,  1.00000;
   3.04003,  4.31266,  1.00000;
   3.62438,  2.07283,  1.00000;
   4.16908,  5.55489,  1.00000;
   2.74189,  4.04796,  1.00000;
   1.36650,  2.55588,  1.00000;
   4.00587,  2.63779,  1.00000;
   3.06321,  4.12940,  1.00000;
   2.99250,  1.57891,  1.00000;
   2.33519,  2.79016,  1.00000;
   3.28164,  5.31336,  1.00000;
   3.05601,  3.03007,  1.00000;
   3.74391,  2.61447,  1.00000;
   3.50071,  3.80646,  1.00000;
   3.32873,  6.02909,  1.00000;
   3.65656,  3.06593,  1.00000;
   1.63367,  4.06143,  1.00000;
   1.53274,  4.15759,  1.00000;
   3.88942,  3.73464,  1.00000;
   3.46132,  4.27185,  1.00000;
   4.93005,  3.22215,  1.00000;
   3.92653,  4.01664,  1.00000;
   3.37710,  2.67385,  1.00000;
   2.69572,  3.92244,  1.00000;
   4.94225,  2.67719,  1.00000;
   4.77679,  4.45226,  1.00000;
   2.98288,  4.12271,  1.00000;
   3.22753,  4.94730,  1.00000;
   2.62467,  3.16088,  1.00000;
   2.20862,  1.94685,  1.00000;
   2.08440,  3.54269,  1.00000;
   4.39028,  3.54821,  1.00000;
   4.38312,  4.95351,  1.00000;
   2.80136,  4.35883,  1.00000;
   3.46540,  2.89953,  1.00000;
   4.45386,  4.48375,  1.00000;
   3.47489,  3.92806,  1.00000;
   1.94306,  3.92482,  1.00000;
   3.79924,  1.84020,  1.00000;
   3.69499,  3.43230,  1.00000;
   1.75851,  3.60131,  1.00000;
   5.32748,  5.60531,  1.00000;
   5.22630,  2.36249,  1.00000;
   4.72997,  4.93321,  1.00000;
   3.11513,  1.75462,  1.00000;
   4.56311,  4.37471,  1.00000;
   3.52662,  2.99502,  1.00000;
   3.20421,  3.45475,  1.00000;
   5.03893,  4.42874,  1.00000;
   3.72436,  3.17061,  1.00000;
   2.90875,  4.65161,  1.00000;
   4.18567,  3.47155,  1.00000;
   4.38545,  3.98176,  1.00000;
   1.81445,  1.03131,  1.00000;
   4.30200,  2.09946,  1.00000;
   3.40521,  3.46601,  1.00000;
   4.34782,  4.51033,  1.00000;
   3.21451,  2.88266,  1.00000;
   2.28900,  3.65311,  1.00000;
   4.03682,  2.30283,  1.00000;
   2.69455,  5.01265,  1.00000;
   3.61463,  4.58366,  1.00000;
   3.42712,  4.06377,  1.00000;
   2.98768,  3.44556,  1.00000;
   5.27398,  2.52065,  1.00000;
   2.57061,  2.88580,  1.00000;
   2.05499,  2.80034,  1.00000;
   4.49361,  2.18113,  1.00000;
   3.90924,  3.72934,  1.00000;
   3.95420,  2.59577,  1.00000;
   2.78872,  3.88100,  1.00000;
   1.71208,  4.11040,  1.00000;
   3.93616,  4.31639,  1.00000;
   3.65928,  3.79937,  1.00000;
   3.33488,  4.38342,  1.00000;
   3.11013,  2.68116,  1.00000;
   2.72227,  3.71857,  1.00000;
   3.32960,  2.39129,  1.00000;
   3.47896,  3.44883,  1.00000;
   4.06873,  5.35412,  1.00000;
   3.38714,  3.77142,  1.00000;
   4.01002,  5.31938,  1.00000;
   4.82867,  3.57247,  1.00000;
   3.15504,  3.92175,  1.00000;
   4.46566,  3.75395,  1.00000;
   5.08108,  5.12969,  1.00000;
   1.79495,  3.60004,  1.00000;
   4.25272,  4.87630,  1.00000;
   4.91449,  2.61486,  1.00000;
   3.60937,  3.30264,  1.00000;
   4.10034,  2.58690,  1.00000;
   2.70898,  3.28589,  1.00000;
   3.37599,  3.95769,  1.00000;
   3.34189,  4.57306,  1.00000;
   3.74445,  2.14186,  1.00000;
   3.68202,  4.57402,  1.00000;
   2.92122,  2.75489,  1.00000;
   1.97960,  3.05251,  1.00000;
   5.22885,  2.51192,  1.00000;
   5.10978,  3.67399,  1.00000;
   3.47604,  3.10174,  1.00000;
   4.62378,  3.13194,  1.00000;
   2.93599,  2.41909,  1.00000;
   3.78303,  2.98995,  1.00000;
   3.38334,  3.82224,  1.00000;
   4.05461,  1.81680,  1.00000;
   4.93066,  4.28978,  1.00000;
   2.83090,  5.96397,  1.00000;
   3.82126,  4.10473,  1.00000;
   2.80240,  4.95483,  1.00000;
   4.43435,  3.03678,  1.00000;
   4.78989,  1.59716,  1.00000;
   4.68992,  3.76532,  1.00000;
   4.87315,  1.85715,  1.00000;
   4.84624,  4.80374,  1.00000;
   3.82732,  2.67790,  1.00000;
   3.13389,  3.57268,  1.00000;
   3.24372,  4.02705,  1.00000;
   2.97409,  3.56628,  1.00000;
   3.93951,  3.16520,  1.00000;
   5.66474,  2.29634,  1.00000;
   4.20431,  3.15540,  1.00000;
   3.74358,  1.88368,  1.00000;
   2.97987,  2.66448,  1.00000;
   4.88633,  1.99175,  1.00000;
   2.91775,  4.85894,  1.00000;
   3.21330,  3.60518,  1.00000;
   3.83380,  4.80739,  1.00000;
   2.60615,  3.93839,  1.00000;
   3.18133,  2.84678,  1.00000;
   2.81584,  4.81135,  1.00000;
   2.24144,  4.84828,  1.00000;
   4.01712,  3.73869,  1.00000;
   5.08391,  3.49066,  1.00000;
   3.20694,  3.23189,  1.00000;
   2.81670,  2.81908,  1.00000;
   5.85211,  4.49320,  1.00000;
   3.15029,  3.81839,  1.00000;
   6.02356,  3.18134,  1.00000;
   3.04051,  5.00660,  1.00000;
   2.34860,  2.57289,  1.00000;
   3.90640,  5.38960,  1.00000;
   2.04215,  4.33511,  1.00000;
   3.45962,  2.88509,  1.00000;
   4.07844,  2.54503,  1.00000;
   5.12150,  3.70140,  1.00000;
   4.30587,  2.24158,  1.00000;
   4.01695,  2.79587,  1.00000;
   3.05341,  3.89506,  1.00000;
   6.00391,  3.34311,  1.00000;
   3.22991,  4.47736,  1.00000;
   2.87668,  6.38157,  1.00000;
   4.58166,  2.25340,  1.00000;
   3.78694,  5.03500,  1.00000;
   1.29692,  5.18261,  1.00000;
   3.23021,  3.56822,  1.00000;
   2.92872,  3.79166,  1.00000;
   2.64847,  3.57713,  1.00000;
   3.24516,  3.07468,  1.00000;
   2.73836,  4.94948,  1.00000;
   3.79023,  4.17890,  1.00000;
   3.54192,  4.57351,  1.00000;
   4.02291,  3.94232,  1.00000;
   3.47611,  3.66149,  1.00000;
   2.49461,  4.23216,  1.00000;
   5.21183,  3.80556,  1.00000;
   3.01128,  4.67355,  1.00000;
   4.45986,  4.31135,  1.00000;
   4.97007,  3.63270,  1.00000;
   2.65473,  3.36240,  1.00000;
   5.83670,  3.09132,  1.00000;
   4.92847,  2.20510,  1.00000;
   3.98017,  4.17423,  1.00000;
   2.64753,  3.37249,  1.00000;
   2.24591,  3.07450,  1.00000;
   2.09919,  4.19036,  1.00000;
   5.37304,  4.28641,  1.00000;
   4.37458,  4.41041,  1.00000;
   1.32845,  4.07342,  1.00000;
   2.74094,  3.39379,  1.00000;
   2.05049,  2.01508,  1.00000;
   4.17121,  4.06412,  1.00000;
   3.11024,  3.94691,  1.00000;
   2.39319,  4.55910,  1.00000;
   2.60026,  4.85308,  1.00000;
   4.62082,  2.90201,  1.00000;
   3.97365,  4.20404,  1.00000;
   5.35124,  5.08190,  1.00000;
   3.36509,  5.04994,  1.00000;
   4.41325,  3.15391,  1.00000;
   3.80522,  3.76696,  1.00000;
   2.15306,  4.31075,  1.00000;
   3.03970,  5.92003,  1.00000;
   2.72746,  2.72137,  1.00000;
   4.10474,  4.25494,  1.00000;
   3.94035,  2.29357,  1.00000;
   3.84670,  4.30107,  1.00000;
   4.95569,  4.14522,  1.00000;
   4.56814,  1.27948,  1.00000;
   3.18650,  4.10375,  1.00000;
   4.15037,  2.78866,  1.00000;
   3.31745,  4.27320,  1.00000;
   3.81632,  3.56224,  1.00000;
   3.32222,  4.35784,  1.00000;
   2.35707,  3.67566,  1.00000;
   4.82473,  3.71254,  1.00000;
   4.09832,  5.90512,  1.00000;
   3.86876,  2.03822,  1.00000;
   5.26898,  5.04908,  1.00000;
   4.56382,  2.76493,  1.00000;
   3.39256,  3.77533,  1.00000;
   3.07886,  3.33495,  1.00000;
   3.23079,  3.02934,  1.00000;
   3.56486,  3.74463,  1.00000;
   1.71922,  3.96155,  1.00000;
   4.30232,  3.64583,  1.00000;
   4.01032,  2.07162,  1.00000;
   5.28029,  3.92100,  1.00000;
   4.15268,  2.03211,  1.00000;
   5.13870,  5.32727,  1.00000;
   4.08026,  4.48421,  1.00000;
   6.10511,  2.40770,  1.00000;
   2.80445,  2.63583,  1.00000;
   3.33011,  5.48177,  1.00000;
   4.81030,  2.13200,  1.00000;
   1.42536,  3.00334,  1.00000;
   2.76461,  4.69945,  1.00000;
   3.86357,  2.47624,  1.00000;
   4.46075,  2.50003,  1.00000;
   5.10194,  4.81366,  1.00000;
   2.12197,  2.69165,  1.00000;
   2.89178,  5.39381,  1.00000;
   3.38721,  0.79914,  1.00000;
   2.71685,  3.09773,  1.00000;
   3.16385,  4.50095,  1.00000;
   2.64414,  2.34791,  1.00000;
   4.22511,  3.46576,  1.00000;
   3.18050,  3.95042,  1.00000;
   3.44211,  2.86599,  1.00000;
   3.37550,  2.72753,  1.00000;
   3.57370,  2.82754,  1.00000;
   6.97915,  3.51081,  1.00000;
   4.34222,  2.62493,  1.00000;
   2.30122,  2.21789,  1.00000;
   3.59810,  3.62981,  1.00000;
   2.55054,  3.51803,  1.00000;
   2.94597,  4.88764,  1.00000;
   3.06032,  5.04288,  1.00000;
   3.29024,  2.41587,  1.00000;
   3.76129,  4.66553,  1.00000;
   5.65945,  4.13065,  1.00000;
   6.28113,  1.86835,  1.00000;
   3.42823,  1.93153,  1.00000;
   3.22736,  3.94727,  1.00000;
   1.87806,  2.59096,  1.00000;
   3.08305,  4.32736,  1.00000;
   3.53084,  3.54935,  1.00000;
   3.84297,  3.44001,  1.00000;
   3.13299,  3.83797,  1.00000;
   3.56497,  3.88859,  1.00000;
   5.54417,  3.88593,  1.00000;
   1.94326,  2.31518,  1.00000;
   3.13931,  3.76355,  1.00000;
   3.42488,  4.32724,  1.00000;
   3.59724,  3.91214,  1.00000;
   2.96301,  4.97472,  1.00000;
   3.61535,  3.11130,  1.00000;
   2.74764,  4.34066,  1.00000;
   3.30896,  2.84432,  1.00000;
   3.14289,  4.17502,  1.00000;
   3.30030,  2.96497,  1.00000;
   4.38656,  2.65582,  1.00000;
   4.79299,  2.69595,  1.00000;
   5.81296,  3.14123,  1.00000;
   3.52013,  2.17282,  1.00000;
   3.24740,  3.39994,  1.00000;
   5.17861,  3.76313,  1.00000;
   2.22963,  2.60050,  1.00000;
   5.23265,  3.96406,  1.00000;
   4.27787,  4.21336,  1.00000;
   2.10116,  4.68147,  1.00000;
   4.83340,  2.41306,  1.00000;
   2.06244,  2.40042,  1.00000;
   5.14283,  1.97703,  1.00000;
   4.49361,  2.17156,  1.00000;
   2.70071,  2.81812,  1.00000;
   2.17090,  1.44613,  1.00000;
   4.90778,  3.00539,  1.00000;
   4.45484,  3.50898,  1.00000;
   2.71756,  3.96294,  1.00000;
   1.50536,  3.27523,  1.00000;
   3.80699,  5.22433,  1.00000;
   1.70358,  4.75758,  1.00000;
   3.18831,  4.34920,  1.00000;
   4.06341,  3.16310,  1.00000;
   2.90997,  3.18692,  1.00000;
   2.57407,  3.71256,  1.00000;
   4.01228,  2.97217,  1.00000;
   3.94501,  2.92811,  1.00000;
   1.66131,  1.85745,  1.00000;
   4.64733,  4.22443,  1.00000;
   2.00459,  3.90898,  1.00000;
   2.95677,  4.21666,  1.00000;
   2.60519,  3.46660,  1.00000;
   2.59487,  2.25099,  1.00000;
   4.33005,  3.59572,  1.00000;
   3.18042,  2.05907,  1.00000;
   4.21204,  2.75686,  1.00000;
   3.39614,  2.36081,  1.00000;
   3.27553,  4.05962,  1.00000;
   3.89797,  2.67133,  1.00000;
   3.95956,  2.12356,  1.00000;
   1.84746,  2.57738,  1.00000;
   3.72939,  2.46715,  1.00000;
   4.05279,  1.53971,  1.00000;
   2.26513,  2.95186,  1.00000;
   4.99494,  3.39501,  1.00000;
   3.39281,  4.97155,  1.00000;
   4.11569,  2.27954,  1.00000;
   1.81739,  4.67315,  1.00000;
   3.45618,  4.51293,  1.00000;
   3.26817,  1.98749,  1.00000;
   1.19350,  2.20492,  1.00000;
   3.18448,  2.66282,  1.00000;
   4.28443,  4.22638,  1.00000;
   3.84250,  3.11304,  1.00000;
   2.53133,  3.82801,  1.00000;
   3.22430,  1.81152,  1.00000;
   3.16291,  2.95468,  1.00000;
   3.17271,  2.54081,  1.00000;
   3.56060,  3.31845,  1.00000;
   2.45644,  5.00734,  1.00000;
   4.23756,  3.22066,  1.00000;
   3.18088,  4.07796,  1.00000;
   5.11356,  3.45421,  1.00000;
   4.58926,  3.38667,  1.00000;
   5.31561,  4.22639,  1.00000;
   5.30960,  3.21581,  1.00000;
   3.11916,  3.26119,  1.00000;
   3.72446,  3.50377,  1.00000;
   4.15913,  3.63331,  1.00000;
   5.11521,  4.19286,  1.00000;
   4.54265,  4.48524,  1.00000;
   4.77475,  4.11459,  1.00000;
   6.06926,  3.03862,  1.00000;
   3.34676,  3.59829,  1.00000;
   4.08207,  3.34595,  1.00000;
   3.43428,  3.57510,  1.00000;
   5.21872,  4.43617,  1.00000;
   3.11168,  4.42262,  1.00000;
   3.25199,  4.65774,  1.00000;
   2.94921,  4.32806,  1.00000;
   3.85236,  4.05687,  1.00000;
   3.34708,  2.17760,  1.00000;
   4.35079,  4.32495,  1.00000;
   3.45621,  3.45975,  1.00000;
   2.08292,  3.35018,  1.00000;
   2.82507,  3.61433,  1.00000;
   4.11931,  5.89944,  1.00000;
   3.12089,  3.86945,  1.00000;
   4.20907,  3.64982,  1.00000;
   5.53309,  5.73548,  1.00000;
   2.21749,  3.54277,  1.00000;
   4.11265,  3.36612,  1.00000;
   2.24014,  3.05357,  1.00000;
   4.48172,  4.48922,  1.00000;
   4.94858,  4.11320,  1.00000;
   5.34269,  3.59465,  1.00000;
   3.24092,  4.12240,  1.00000;
   3.41626,  4.04688,  1.00000;
   0.99710,  3.93358,  1.00000;
   3.51352,  3.80148,  1.00000;
   2.92216,  4.62266,  1.00000;
   3.59955,  4.25386,  1.00000;
   4.03897,  3.41656,  1.00000;
   3.24755,  4.81174,  1.00000;
   4.48360,  3.94734,  1.00000;
   3.52377,  4.03048,  1.00000;
   3.79370,  3.00829,  1.00000;
   4.16411,  2.76488,  1.00000;
   3.26077,  3.94437,  1.00000;
   3.22656,  3.11411,  1.00000;
   3.87715,  4.26783,  1.00000;
   3.37234,  4.14731,  1.00000;
   4.14524,  2.17771,  1.00000;
   2.26498,  3.04614,  1.00000;
   2.94010,  3.27894,  1.00000;
   4.29930,  3.24423,  1.00000;
   5.18149,  4.13506,  1.00000;
   3.32245,  3.02001,  1.00000;
   4.37110,  3.16718,  1.00000;
   2.46296,  2.59517,  1.00000;
   2.34426,  2.91500,  1.00000;
   3.43298,  2.14890,  1.00000;
   3.06952,  3.15942,  1.00000;
   2.03334,  1.14974,  1.00000;
   3.10676,  3.29612,  1.00000;
   5.73499,  4.21743,  1.00000;
   2.94663,  4.69952,  1.00000;
   3.23735,  2.84176,  1.00000;
   6.12459,  4.61546,  1.00000;
   4.98068,  3.32213,  1.00000;
   1.55834,  2.95641,  1.00000;
   2.29663,  3.10420,  1.00000;
   5.21684,  5.25553,  1.00000;
   3.42575,  4.11896,  1.00000;
   1.94278,  3.68668,  1.00000;
   4.12046,  4.03866,  1.00000;
   4.90914,  3.59734,  1.00000;
   5.49462,  2.23517,  1.00000;
   2.61986,  3.54458,  1.00000;
   3.11868,  2.81037,  1.00000;
   3.73042,  3.11247,  1.00000;
   2.34195,  4.65376,  1.00000;
   3.36853,  2.46039,  1.00000;
   3.19401,  6.23281,  1.00000;
   2.71150,  1.05582,  1.00000;
   3.61533,  2.73725,  1.00000;
   4.43261,  5.59034,  1.00000;
   2.82878,  3.82477,  1.00000;
   4.23344,  3.22876,  1.00000;
   3.73606,  2.84716,  1.00000;
   5.10348,  5.69703,  1.00000;
   1.46009,  4.23553,  1.00000;
   3.67096,  3.79501,  1.00000;
   2.13632,  2.60173,  1.00000;
   4.27462,  4.41709,  1.00000;
   3.28153,  2.82830,  1.00000;
   2.03051,  2.67547,  1.00000;
   3.37197,  3.70938,  1.00000;
   5.16903,  2.83395,  1.00000;
   3.16943,  4.22937,  1.00000;
   2.83356,  3.03179,  1.00000;
   4.08423,  4.12315,  1.00000;
   4.56081,  4.97227,  1.00000;
   2.50810,  4.28214,  1.00000;
   3.65518,  5.24587,  1.00000;
   4.10861,  2.85547,  1.00000;
   5.28220,  4.95687,  1.00000;
   4.49212,  3.32747,  1.00000;
   2.39554,  2.45225,  1.00000;
   1.89499,  2.32474,  1.00000;
   3.45350,  3.21426,  1.00000;
   3.68167,  1.81931,  1.00000;
   3.71610,  4.01540,  1.00000;
   3.37085,  4.47817,  1.00000;
   4.76525,  1.69579,  1.00000;
   2.69604,  2.59460,  1.00000;
   1.50835,  3.08064,  1.00000;
   6.31633,  5.64519,  1.00000;
   3.33023,  2.11211,  1.00000;
   4.06918,  2.84278,  1.00000;
   2.71880,  2.29367,  1.00000;
   3.39560,  3.02680,  1.00000;
   2.20794,  4.07108,  1.00000;
   3.59669,  3.47522,  1.00000;
   6.16244,  4.04360,  1.00000;
   1.88206,  2.86355,  1.00000;
   2.04085,  3.16921,  1.00000;
   3.03982,  3.00061,  1.00000;
   3.74715,  3.59692,  1.00000;
   4.11670,  4.02985,  1.00000;
   3.71552,  3.08169,  1.00000;
   3.91866,  1.52612,  1.00000;
   3.55083,  2.24374,  1.00000;
   3.85330,  3.50187,  1.00000;
   3.98591,  5.03500,  1.00000;
   4.44397,  3.57214,  1.00000;
   3.84962,  5.32523,  1.00000;
   2.86836,  3.09627,  1.00000;
   4.95294,  3.61255,  1.00000;
   0.57528,  5.11545,  1.00000;
   3.52162,  2.61076,  1.00000;
   4.52161,  3.80919,  1.00000;
   3.18144,  2.50232,  1.00000;
   3.50297,  4.15162,  1.00000;
   3.90626,  4.37766,  1.00000;
   4.88930,  3.24703,  1.00000;
   4.27658,  3.46880,  1.00000;
   5.11031,  2.61114,  1.00000;
   3.00036,  4.93842,  1.00000;
   1.38750,  4.48236,  1.00000;
   3.28798,  3.42705,  1.00000;
   5.44454,  4.02169,  1.00000;
   5.18909,  3.04143,  1.00000;
   3.97875,  5.00256,  1.00000;
   3.45725,  3.13189,  1.00000;
   3.41345,  3.58556,  1.00000;
   4.38911,  2.84367,  1.00000;
   4.55450,  3.26230,  1.00000;
   2.51160,  3.64677,  1.00000;
   5.22788,  3.31962,  1.00000;
   3.04943,  2.41747,  1.00000;
   3.51845,  2.52960,  1.00000;
   3.04084,  3.51900,  1.00000;
   3.31092,  4.86569,  1.00000;
   4.49893,  5.98847,  1.00000;
   3.25097,  3.90416,  1.00000;
   3.85312,  3.16398,  1.00000;
   3.41472,  3.48067,  1.00000;
   3.99355,  4.55496,  1.00000;
   3.32436,  1.97897,  1.00000;
   3.22115,  2.47007,  1.00000;
   2.88834,  3.42248,  1.00000;
   3.43282,  3.52909,  1.00000;
   3.69279,  2.85654,  1.00000;
   2.99070,  4.40586,  1.00000;
   3.45401,  4.64708,  1.00000;
   2.45785,  4.26757,  1.00000;
   2.71948,  2.96533,  1.00000;
   4.00758,  3.30514,  1.00000;
   2.86116,  5.77433,  1.00000;
   4.24898,  2.69565,  1.00000;
   1.89291,  5.34080,  1.00000;
   3.19336,  3.08765,  1.00000;
   2.76706,  4.29195,  1.00000;
   3.63239,  3.82965,  1.00000;
   4.15834,  4.43042,  1.00000;
   2.74392,  2.69426,  1.00000;
   3.99897,  3.51470,  1.00000;
   2.71202,  2.37868,  1.00000;
   3.52128,  3.94653,  1.00000;
   3.27677,  3.48399,  1.00000;
   3.92626,  1.80003,  1.00000;
   2.61521,  0.60174,  1.00000;
   4.36721,  3.11835,  1.00000;
   3.95906,  2.44494,  1.00000;
   4.63453,  3.13418,  1.00000;
   3.28110,  3.38329,  1.00000;
   4.20155,  3.13142,  1.00000;
   4.66123,  3.55716,  1.00000;
   3.11176,  3.50714,  1.00000;
   3.95710,  2.80371,  1.00000;
   4.38828,  3.65945,  1.00000;
   3.55547,  2.83612,  1.00000;
   4.89102,  2.28118,  1.00000;
   3.78242,  4.00184,  1.00000;
   5.56264,  4.63081,  1.00000;
   1.97156,  2.99853,  1.00000;
   3.46462,  5.83871,  1.00000;
   2.25315,  3.28245,  1.00000;
   4.05933,  1.51782,  1.00000;
   3.98966,  3.89343,  1.00000;
   2.32242,  5.14939,  1.00000;
   5.73564,  3.49594,  1.00000;
   4.29273,  3.75176,  1.00000;
   2.65964,  2.98119,  1.00000;
   3.36088,  2.37591,  1.00000;
   2.74031,  3.84106,  1.00000;
   3.39963,  3.30443,  1.00000;
   3.77227,  6.58528,  1.00000;
   2.77323,  3.97705,  1.00000;
   4.60406,  5.04032,  1.00000;
   4.34456,  4.19853,  1.00000;
   3.76220,  3.75481,  1.00000;
   2.98816,  4.48025,  1.00000;
   5.18936,  4.72969,  1.00000;
   3.72445,  3.03388,  1.00000;
   3.47519,  4.52226,  1.00000;
   2.44852,  4.60775,  1.00000;
   3.28617,  2.42752,  1.00000;
   4.25985,  1.93936,  1.00000;
   4.36809,  1.63651,  1.00000;
   4.15553,  3.72739,  1.00000;
   3.12329,  3.92492,  1.00000;
   3.26194,  3.05651,  1.00000;
   3.78144,  4.36553,  1.00000;
   3.11645,  2.13396,  1.00000;
   3.03646,  3.01945,  1.00000;
   3.91905,  3.31138,  1.00000;
   3.42389,  3.46661,  1.00000;
   4.22579,  4.09883,  1.00000;
   5.70447,  2.83465,  1.00000;
   2.87589,  4.61269,  1.00000;
   5.50847,  4.08902,  1.00000;
   3.66240,  5.90784,  1.00000;
   4.30371,  4.67907,  1.00000;
   3.43034,  3.21902,  1.00000;
   3.29346,  4.82481,  1.00000;
   5.01049,  4.08121,  1.00000;
   2.96031,  4.49606,  1.00000;
   4.24927,  4.39467,  1.00000;
   3.06121,  3.22443,  1.00000;
   3.89184,  3.35442,  1.00000;
   3.58276,  5.09067,  1.00000;
   3.53654,  4.43943,  1.00000;
   2.02928,  4.07382,  1.00000;
   2.72692,  5.06653,  1.00000;
   4.58899,  4.15575,  1.00000;
   3.22077,  5.69107,  1.00000;
   5.56312,  3.17098,  1.00000;
   3.16916,  2.15263,  1.00000;
   3.11948,  2.46422,  1.00000;
   4.33364,  5.38494,  1.00000;
   3.90870,  2.44472,  1.00000;
   3.24144,  3.56857,  1.00000;
   2.98536,  2.40031,  1.00000;
   3.51885,  2.69093,  1.00000;
   2.96297,  5.40123,  1.00000;
   3.48782,  4.94427,  1.00000;
   3.95045,  4.23144,  1.00000;
   4.06683,  2.29628,  1.00000;
   3.31586,  1.79995,  1.00000;
   3.29987,  2.63601,  1.00000;
   2.75200,  3.00967,  1.00000;
   4.42175,  3.03187,  1.00000;
   4.80258,  3.13400,  1.00000;
   4.93182,  4.09548,  1.00000;
   4.05412,  5.19117,  1.00000;
   1.79485,  5.40158,  1.00000;
   3.24204,  3.89580,  1.00000;
   2.60427,  2.00383,  1.00000;
   3.99620,  3.06501,  1.00000;
   5.48211,  1.88924,  1.00000;
   3.78404,  5.16765,  1.00000;
   4.41864,  2.82470,  1.00000;
   3.78901,  3.01028,  1.00000;
   4.21356,  6.24808,  1.00000;
   1.96036,  3.41688,  1.00000;
   2.99712,  3.78807,  1.00000;
   3.04759,  4.25125,  1.00000;
   3.53505,  3.68157,  1.00000;
   2.63745,  4.23667,  1.00000;
   4.29760,  2.56257,  1.00000;
   3.83751,  4.24362,  1.00000;
   3.42148,  4.01444,  1.00000;
   3.81739,  3.62560,  1.00000;
   1.22303,  1.50899,  1.00000;
   2.48709,  4.25584,  1.00000;
   3.25544,  1.77966,  1.00000;
   2.64862,  4.16995,  1.00000;
   4.18640,  2.10778,  1.00000;
   3.21305,  4.65034,  1.00000;
   1.97967,  2.28809,  1.00000;
   4.15293,  3.90425,  1.00000;
   1.89368,  5.48924,  1.00000;
   3.08710,  3.93568,  1.00000;
   3.64354,  5.41837,  1.00000;
   3.85860,  2.83905,  1.00000;
   1.83887,  1.45977,  1.00000;
   3.30493,  4.76859,  1.00000;
   3.75696,  1.78198,  1.00000;
   3.75582,  3.14671,  1.00000;
   3.31570,  3.24930,  1.00000;
   1.38968,  3.79042,  1.00000;
   2.20696,  4.97594,  1.00000;
   2.43291,  5.62440,  1.00000;
   2.08700,  3.90009,  1.00000;
   3.16537,  4.40634,  1.00000;
   4.88156,  3.35654,  1.00000;
   1.67661,  4.88867,  1.00000;
   2.25865,  3.46041,  1.00000;
   3.17801,  3.89536,  1.00000;
   3.27813,  3.94032,  1.00000;
   5.42554,  3.73759,  1.00000;
   4.02845,  4.47856,  1.00000;
   3.43058,  3.53514,  1.00000;
   2.46623,  4.49346,  1.00000;
   0.90863,  3.16077,  1.00000;
   3.54145,  4.46449,  1.00000;
   3.29983,  3.59894,  1.00000;
   5.30918,  1.51135,  1.00000;
   4.19955,  5.62806,  1.00000;
   3.42167,  3.60995,  1.00000;
   3.19712,  4.22766,  1.00000;
   3.70269,  4.71223,  1.00000;
   2.73044,  3.42660,  1.00000;
   4.81552,  3.59098,  1.00000;
   4.56960,  2.57802,  1.00000;
   3.55078,  2.96692,  1.00000;
   4.50330,  2.63289,  1.00000;
   4.55312,  3.88866,  1.00000;
   3.72496,  5.04023,  1.00000;
   3.70912,  3.14827,  1.00000;
   2.88020,  4.34939,  1.00000;
   3.15321,  2.59380,  1.00000;
   1.51587,  4.13076,  1.00000;
   2.53496,  3.10597,  1.00000;
   4.43866,  2.89389,  1.00000;
   3.18101,  3.28493,  1.00000;
   4.52784,  2.68929,  1.00000;
   3.69625,  4.44461,  1.00000;
   3.97466,  3.94049,  1.00000;
   1.83385,  3.60752,  1.00000;
   2.22751,  2.75507,  1.00000;
   4.29752,  4.63496,  1.00000;
   1.38584,  2.81927,  1.00000;
   4.26441,  2.62606,  1.00000;
   2.33361,  4.18416,  1.00000;
   1.51772,  4.52106,  1.00000;
   1.51949,  2.37603,  1.00000;
   4.42284,  5.05261,  1.00000;
   2.45279,  1.83109,  1.00000;
   3.29116,  4.03212,  1.00000;
   2.74595,  3.22053,  1.00000;
   3.58345,  1.47090,  1.00000;
   4.16759,  3.92420,  1.00000;
   3.63948,  3.50139,  1.00000;
   1.48513,  3.80519,  1.00000;
   2.61387,  3.83684,  1.00000;
   3.77476,  3.18332,  1.00000;
   4.18707,  2.35584,  1.00000;
   5.64770,  3.32220,  1.00000;
   4.75462,  5.38494,  1.00000;
   3.39184,  2.78045,  1.00000;
   4.71842,  3.63388,  1.00000;
   5.00819,  3.53209,  1.00000;
   2.19743,  3.25989,  1.00000;
   4.35043,  3.11261,  1.00000;
   2.82072,  2.85797,  1.00000;
   2.10574,  2.39446,  1.00000;
   4.65475,  2.82488,  1.00000;
   3.46953,  3.55467,  1.00000;
   3.76860,  2.07102,  1.00000;
   4.81715,  4.44522,  1.00000;
   4.17257,  3.67655,  1.00000;
   3.06866,  3.68688,  1.00000;
   2.71863,  4.34324,  1.00000;
   3.76881,  3.57237,  1.00000;
   3.90211,  3.95530,  1.00000;
   2.12333,  3.23820,  1.00000;
   4.47826,  5.87084,  1.00000;
   4.73478,  4.33906,  1.00000;
   3.28909,  3.05371,  1.00000;
   3.57208,  2.89090,  1.00000;
   4.15552,  4.59244,  1.00000;
   3.68930,  2.50719,  1.00000;
   2.22734,  3.05387,  1.00000;
   3.31136,  2.87527,  1.00000;
   3.11332,  2.96312,  1.00000;
   1.96009,  2.95323,  1.00000;
   4.72667,  3.71614,  1.00000;
   5.38889,  4.08112,  1.00000;
   3.45405,  2.66250,  1.00000;
   4.39181,  3.96930,  1.00000;
   3.37205,  0.96767,  1.00000;
   3.01910,  4.24316,  1.00000;
   4.13385,  2.98845,  1.00000;
   5.43481,  4.81424,  1.00000;
   2.50311,  3.84855,  1.00000;
   3.12532,  3.15656,  1.00000;
   3.76272,  3.31044,  1.00000;
   4.15527,  4.38293,  1.00000;
   3.94356,  2.32337,  1.00000;
   3.90343,  2.72865,  1.00000;
   1.99978,  3.42400,  1.00000;
   4.07196,  3.08098,  1.00000;
   3.89355,  4.15188,  1.00000;
   4.25368,  2.12954,  1.00000;
   2.60462,  3.29953,  1.00000;
   4.27791,  4.66958,  1.00000;
   2.88718,  2.03725,  1.00000;
   4.32861,  3.89116,  1.00000;
   2.64542,  3.52609,  1.00000;
   4.50095,  2.33253,  1.00000;
   2.25067,  5.31676,  1.00000;
   3.44119,  0.73655,  1.00000;
   2.84564,  2.35969,  1.00000;
   2.37469,  2.37224,  1.00000;
   3.46332,  1.51519,  1.00000;
   3.03932,  1.85883,  1.00000;
   3.07856,  3.71095,  1.00000;
   2.55614,  4.18113,  1.00000;
   2.21903,  4.82848,  1.00000;
   4.72399,  3.63904,  1.00000;
   4.65834,  2.94538,  1.00000;
   3.42804,  4.22460,  1.00000;
   3.04647,  4.38676,  1.00000;
   2.75335,  3.00536,  1.00000;
   2.73874,  3.36051,  1.00000;
   3.98638,  4.23421,  1.00000;
   2.89904,  2.20480,  1.00000;
   3.54049,  3.52699,  1.00000;
   4.33414,  3.94119,  1.00000;
   2.37191,  3.17770,  1.00000;
   2.10293,  3.15612,  1.00000;
   2.84590,  5.44387,  1.00000;
   3.95009,  2.49046,  1.00000 
